1439
6547
8197
7281
2331
8462
5855
7874
2677
356
2049
922
7151
1713
294
7080
438
8762
5573
8144
2434
7447
280
8035
4554
3478
9215
69
6413
1696
7163
8254
5395
9834
2562
1417
3071
9881
3788
7309
7346
2920
1953
3160
7786
3357
9180
1323
2450
9137
4473
3687
6231
687
727
5660
9045
9413
3517
9964
1209
8681
4813
1373
1401
9964
4255
5730
9742
5568
9512
6922
7674
2472
3738
4849
6520
7627
4951
3418
714
6332
5803
5491
4605
7982
5611
8683
5323
8177
4629
4748
9138
9433
9920
6947
1381
4476
5729
1040
866
4557
8856
6344
7917
2797
2232
1675
7201
6533
1111
6697
5585
5276
5569
4120
2937
7107
2392
9520
5179
8303
9502
5807
4555
2347
8697
6872
1837
2124
9481
4118
8587
2359
258
8237
600
6507
8044
2395
9119
9207
8387
5109
8901
9681
7512
5786
4947
5585
8896
7996
2776
6818
3135
2620
5647
4333
7772
705
1112
1777
2688
2359
7677
5514
1870
5856
1282
5652
8842
6318
1531
6071
253
5116
212
5362
1510
6902
5381
3378
4593
6664
5513
6459
1711
3704
2021
21
7201
5727
6222
5017
80
6653
484
4394
5165
2130
9495
1775
2149
8643
6866
9863
8861
1353
2615
4312
2380
3190
4832
4110
9164
820
6227
2841
1607
1545
8930
631
6586
8088
1941
9001
1130
7340
8063
2562
3259
8996
9857
3928
7230
4679
8124
2346
3200
8860
8725
9974
2300
6496
3636
268
1711
6757
8590
7309
1655
9266
9960
6624
6207
7168
7702
2685
85
8336
6128
6310
1043
6200
6544
2040
889
2896
2770
6322
708
3796
1088
8485
1408
7697
2277
1414
5580
4289
1837
5989
2631
5681
6641
6293
5908
2870
8950
891
8820
487
9548
468
7431
4469
398
9059
6910
8469
7743
2116
1054
6322
5646
3946
2864
9843
6430
5564
9063
302
4934
3701
6498
8474
707
8451
1850
2640
2380
6170
3756
4206
3180
3837
8568
2205
8886
8496
1165
8984
5010
9382
5921
3621
6426
5962
1156
1370
2165
821
2980
5268
3351
9311
5632
1953
8887
3114
7183
6338
5797
3929
8741
4494
6942
8677
923
7946
7319
5567
9245
5255
4409
9944
6822
4524
8270
7009
3699
5429
5371
2566
3586
1288
9350
7991
2642
2781
6880
8816
3488
3447
6127
910
3780
2942
5826
1921
5035
1812
169
7770
6406
5576
9018
7136
4419
5899
3163
7837
2780
5826
4046
8165
5202
9508
2395
91
7793
5082
7045
9317
1189
5946
6658
170
7107
8488
207
5484
9613
7899
463
6977
3953
2579
8217
9068
4431
9140
6101
6727
5022
9522
1972
8432
625
2742
8912
6146
7271
8008
3367
1316
1525
4347
9224
6685
5214
9142
6656
1060
1113
7848
2824
1339
4884
3480
5459
5602
8117
34
7486
1438
7649
4818
2166
9944
5994
4585
9027
5591
7794
8129
2047
115
5427
2267
2674
824
7253
2463
119
6103
3565
6614
3659
8486
956
890
7735
5270
2113
9083
8320
2675
5486
8807
7751
1544
7524
5413
7253
7448
9336
2672
1596
5949
5430
2363
3843
7511
6965
2528
8919
8955
4665
1050
6011
7411
8504
1306
1267
4976
4942
9456
3841
4954
642
3545
4195
9274
7147
6857
8641
9853
1329
6584
9474
3094
1476
2558
3692
6748
6993
1814
5877
2754
918
4375
743
8406
6815
9216
1477
9841
2141
7087
6898
4284
9839
2310
7405
3368
8478
5837
672
4442
464
2398
4594
5682
2421
4035
4785
3704
6225
3453
1651
8601
3684
1253
3774
223
8307
2085
19
3721
2704
1366
8432
6459
8492
4780
9015
2596
4871
4513
8787
33
974
110
5924
234
9068
7371
2236
301
9944
9065
5611
3817
196
8010
950
8033
831
2259
7064
21
2777
459
1406
5867
7865
9669
8218
9875
2066
5740
1591
5118
4039
2718
8226
2070
5827
9342
7415
5965
5388
3632
641
389
7622
1689
6471
5232
5386
5311
2949
6745
7277
5949
8403
4589
7308
5715
6111
9605
1883
2066
7531
1511
2444
9978
2617
8384
7602
9216
7435
9794
2856
8737
8900
6818
4870
2092
9133
8605
9177
976
4338
460
6745
8101
8121
6988
3308
8171
2974
1889
2246
5007
7705
4708
9549
3228
1565
5794
4979
1214
9512
665
5388
3864
7373
3741
7893
232
1755
7211
4502
2789
2694
2663
8598
5668
6714
1281
6982
9778
787
8773
9805
146
9015
8831
3955
6746
5033
7658
4579
2793
4550
7945
5791
3561
2999
3206
3176
1306
8238
2929
9615
5422
2513
4938
5767
1684
7268
2346
5842
5039
5467
3055
3976
8611
1638
719
794
1131
2561
428
2269
80
6923
7931
2255
8393
7943
1322
9672
4974
3838
12
8604
9062
5238
1865
7372
4325
4617
1932
8880
5414
561
165
912
4669
4344
8587
5948
9351
5693
2037
4611
814
1757
3641
607
8286
2348
3912
5932
2697
1311
5162
6488
9179
558
652
2896
5411
5751
884
3582
3273
2409
5826
5906
930
2918
1575
4718
6866
1749
4691
2366
1210
5691
8612
1885
6146
2309
7603
2188
6069
6831
86
2057
4020
8936
5540
7871
8921
9140
7357
4073
702
1121
3741
1826
2339
6840
4804
3407
5227
2320
6426
1553
8873
5847
4841
9530
3130
8048
2645
8208
7338
4382
3283
3692
207
6040
1559
8075
5380
4155
627
8979
8264
5395
1214
1574
1848
1297
2232
6625
5949
1435
8517
115
5754
9711
1455
7766
8307
9757
2413
9796
317
2425
7351
3534
1125
5597
2353
2491
2373
5472
7410
1899
3417
5884
8325
9881
8388
4241
8265
2105
5884
6032
7734
7864
7113
5139
5123
6707
3118
9900
798
9745
7230
3490
8875
4536
1627
1718
445
9187
2674
5792
4721
3768
9817
6041
5604
5074
2803
9037
6027
9648
5190
5993
2431
7771
5988
8658
3734
3443
2108
7627
7113
3018
3621
42
1733
9021
8441
2026
9067
4908
1821
8089
1740
4064
8808
5082
8352
7625
1383
1086
4063
7101
1376
1853
8560
9405
6077
3902
3500
1080
9179
8372
3982
3510
5178
