384
5733
9558
281
4309
2126
1464
1362
8296
3240
1699
7782
4851
1404
9158
1092
6364
2080
282
8797
6863
9002
3249
9475
5471
2480
2462
5177
4931
1832
1415
8108
8102
5155
8796
4809
7772
2928
9002
1102
9523
9557
7401
5254
3352
9982
3597
3276
4172
1513
5883
6568
106
107
2928
2084
3008
5899
5885
3208
1111
9602
6244
4621
8453
3643
4593
7082
8477
965
4504
6777
3832
4335
293
4623
1618
6549
4142
7102
3178
4213
2033
9432
4800
6620
6490
9336
8023
2488
2712
7285
3811
7147
3218
5108
6587
6254
6133
7527
2360
6488
3388
3652
176
2559
9962
1407
9697
53
6581
6530
9737
2663
1578
7270
2987
9464
862
7137
4120
698
4954
3078
4136
7701
2940
5210
9139
7655
3804
864
8042
6407
1761
1350
8292
4352
6595
7002
5582
2552
334
5989
4456
5349
383
1815
3986
733
2383
6445
2370
9680
9228
1004
4495
5103
3219
2560
3779
4950
166
2667
5256
3928
401
2626
4788
4417
223
4100
3147
3337
8523
8889
8726
9834
9916
8542
177
5879
8461
2792
3629
1404
3611
1319
5479
7073
4681
2176
1867
3079
4586
9942
6435
9688
1737
802
8022
6500
4070
1114
5781
3718
278
7200
5130
5767
3193
302
8908
1546
5273
4885
5051
5602
948
8895
987
6980
5582
8876
1164
1094
5521
4793
9437
5169
8409
5732
5281
4904
9810
5371
3206
4064
818
8574
7489
6828
2807
5802
1190
9912
9433
3046
567
9118
7501
1247
3019
1905
2560
2479
9134
2824
9588
873
8169
3498
1478
4177
6201
7433
6821
7142
3190
6608
7658
4689
2089
621
9160
9938
1458
9036
9867
6861
2308
6585
4293
2245
3277
9908
7269
2136
9546
6353
6998
1586
4636
6946
3419
1616
8070
2617
1346
7712
8747
202
2960
2718
5184
9137
9213
9105
5598
1315
6970
5914
6880
662
2289
8257
6143
3238
6213
2157
7106
1082
8484
8305
3948
3162
8277
935
5167
8175
5897
4944
8220
8709
2757
5684
1562
1143
6358
3627
9338
9261
2300
8403
2781
8463
5448
733
9396
6847
4944
7202
9782
9484
5582
2105
7022
2804
5526
5815
3006
7103
4769
9203
3405
3974
4327
4535
5542
1867
3512
1319
1846
7706
530
1794
9641
6773
7323
8357
1640
4285
1850
9101
5818
1960
4985
3881
5083
2824
8391
6580
9590
1614
8474
2400
9722
5292
8453
1409
8451
1992
2160
4738
9121
7934
4520
2926
8660
1316
3840
1270
5640
2568
8651
5843
2147
4486
8297
8338
5000
6294
7378
668
9979
1231
7056
2095
1097
6154
4933
8073
5161
6124
4024
2712
761
5748
5189
356
2748
6391
5237
8697
3435
3983
8591
6820
4511
2110
5276
2087
7773
5044
768
9976
8327
3239
901
454
8447
6576
1169
5684
7938
606
5417
4163
9586
5472
4529
5411
4984
9969
9906
7328
9626
1017
1045
1912
6719
3514
2850
9243
2522
4111
493
6703
912
8237
3960
8865
8745
7943
3204
9703
4282
2957
4852
5506
8576
6425
1993
4190
5529
9049
38
9458
9696
5181
4561
5868
5725
8670
3728
89
1317
7610
1617
4840
1666
6987
7398
692
1585
1179
168
6684
8174
9930
6864
6946
3055
138
5196
7951
330
4690
5387
5881
8576
4232
6701
560
2323
766
8654
1163
8620
8628
3363
2887
6655
2111
1260
5372
4052
7319
4685
4356
3188
2743
8800
333
1213
6174
9463
3344
3007
4269
200
9698
248
2221
9082
277
3420
2
258
3360
9946
9137
4155
6856
8046
3938
7355
8805
1096
8677
6591
801
3768
1231
3846
4120
2224
3686
7475
8895
5696
9670
2994
1133
9217
1478
5809
6682
6622
1654
2337
5854
1241
8594
6721
3232
9958
9284
5771
9037
7120
4471
7870
6704
8783
4724
4539
8210
5156
3265
8932
1527
2150
4778
9760
8239
9312
7432
7775
3014
7270
2990
7500
7529
8306
9516
8611
619
1326
9351
6735
3426
5626
7816
2344
7536
587
8374
4460
184
5274
2912
2993
2710
4189
4860
5097
6634
6508
9707
8295
4530
6281
5123
9385
7177
8935
2192
7300
5757
4785
7952
4927
8206
4770
6499
2645
7352
1676
5343
7656
4042
9125
3954
2004
8429
103
4941
5987
2638
9843
3075
3427
1355
8416
3010
2263
1961
2237
1186
3172
798
6612
6755
5250
1204
9998
2770
8931
3083
8885
9659
1591
3047
2224
4390
8341
8976
5366
3610
8063
989
3838
7891
5704
8462
6563
8372
2398
2890
1886
3814
3332
2168
5797
3495
1941
2968
8246
5603
6720
9313
3874
9441
2
6176
5993
3633
948
7601
8896
7304
8067
7362
2407
1043
1604
9661
1255
3449
2748
3639
6686
4935
4540
9410
2926
111
1527
6431
4012
3256
7322
645
113
2000
2733
6890
3935
5276
7388
236
1523
2545
9549
1342
9596
9916
6706
121
2725
2930
7418
9856
5178
3958
7
8361
8522
382
2143
6542
2284
2307
3273
8057
8641
5899
6210
6209
6946
2173
2982
1203
3501
6810
9520
518
9047
5134
7551
706
48
7271
2009
2266
4593
9156
311
3670
6949
2525
3774
1081
1730
7758
1930
7748
7265
5766
5836
9201
3222
2337
3656
3783
1248
7695
9521
3935
9
8624
4073
6056
4957
3385
5894
7885
9456
2882
4978
6359
781
4490
791
2690
6824
946
2193
5756
5657
530
4256
199
9027
8536
2691
9569
1219
1917
5341
3424
441
3624
8835
384
8438
7131
5713
3384
5226
6102
7063
9232
7523
5893
6684
1026
6750
1657
972
5707
5054
8237
7671
9181
3112
9227
4558
1338
8872
7753
6627
7379
1707
1014
8038
3203
8938
2472
3149
2667
1169
9999
172
5098
3193
9453
7996
9539
5619
4570
4431
7151
7000
6512
3204
5738
6940
4299
5350
2061
1356
2428
9024
6334
4328
2395
1558
4667
3302
7286
8445
1066
7238
3434
8452
9943
325
2771
648
1418
1023
6380
6817
5626
9783
5602
6046
4489
3883
5675
5461
6697
7970
273
8619
3241
2172
1248
2242
12
3119
1700
5369
2013
92
1452
2663
6283
1415
7296
7076
1034
5687
2631
680
22
1193
8574
605
4294
7251
5657
5905
5424
3586
5680
8027
7903
753
1601
3075
2678
799
4904
2414
3550
2086
659
9625
4682
5372
3327
3413
8874
754
1851
9980
8309
7539
6496
3754
2639
3904
8352
8731
9733
4317
7825
100
4522
9053
4172
3262
2404
4876
5556
4678
2983
2953
3623
1035
3812
2036
1989
6055
9531
4678
1767
1510
2613
8771
3933
1978
7291
1337
3844
847
6488
470
8637
7660
7125
188
6942
5540
7608
6629
9023
8533
5206
6928
8784
6890
138
207
8500
6331
7177
4405
3776
7199
9294
1095
6065
1846
7880
3119
8674
3726
7309
4282
6454
7396
2684
9514
3799
3671
1218
296
358
5506
5286
2114
9475
38
2038
8380
6691
7603
1132
7658
6402
2464
4205
9527
2216
9872
1956
9554
5306
2794
4027
3617
5336
9950
9539
5486
5042
792
6788
3654
1031
3952
4628
8780
9042
8617
9303
9019
1735
9053
879
8767
8226
5058
2235
342
1808
4853
7019
5307
3192
5175
2940
5896
9291
6993
3859
4179
9816
2803
4885
6812
290
4044
4333
7737
4806
5012
3697
6857
547
9384
4300
4314
843
1638
9420
1411
1163
5611
910
9185
1085
7102
8586
50
4264
5641
9352
4111
3895
1577
7724
8070
2633
1226
6159
6712
4290
4356
5802
1203
3339
5832
551
778
7539
5774
8871
9497
4290
3977
8330
6673
6741
6264
1293
7254
8546
4535
3731
1525
8198
363
487
7327
7180
7641
2542
7197
1854
1897
7994
1682
9422
496
3039
6684
6177
6115
6011
3023
9664
8486
5320
1083
5665
711
5069
3114
7373
1488
802
6206
4833
7361
1526
6443
7886
2238
5864
3456
6587
939
9954
3348
2093
4160
4816
87
2759
7493
2512
909
290
50
2055
427
8536
8411
5558
4105
494
3767
8604
1760
753
3661
8726
3867
9882
1847
1714
2777
7138
7354
2039
4104
2349
8748
5014
9860
5283
1234
6470
4418
5263
5786
5731
9243
6272
6088
8693
7816
4086
8130
6047
6432
6866
4610
9024
5095
2511
1515
5510
3054
837
1378
9629
8383
6718
4606
2839
2600
9580
4416
8183
5671
2693
7369
3395
4060
2337
3278
8911
2194
9444
3948
6758
1963
5592
420
4383
9581
9285
2068
3758
1765
9737
194
8810
1241
7738
72
6478
6968
9632
4069
6646
8442
1440
202
6958
2753
8894
8575
7920
3121
1960
2768
9103
434
4249
342
4090
1606
2813
3214
4217
2924
7109
5632
1348
9310
7744
3799
8608
9111
2152
373
4795
582
9223
6784
8718
5238
2609
987
774
887
2845
3157
6049
4119
6364
4073
8854
3911
2081
6820
9667
3683
7794
6655
824
5919
7269
8252
5411
2488
7928
7341
8461
9854
244
2939
6864
7436
7836
6208
608
8188
7674
2181
7948
3622
9280
9192
8761
166
8145
3386
5913
5687
4388
6154
532
2758
7361
5622
3463
5956
8295
5506
5775
4058
8459
4462
9268
4043
2655
7456
8178
6731
4367
2765
6201
3932
3695
8039
3393
5989
1942
7311
7219
5593
1254
1981
5995
7191
3913
6707
4880
897
2790
1422
2740
5855
8085
5247
4959
1094
9015
507
5414
1679
3929
2
523
6885
5118
8387
304
5971
3606
8941
5163
7250
8001
8865
6904
9399
8059
3945
9291
6532
6369
7742
728
2379
7381
1775
3943
7137
1269
9504
2927
9142
6910
7166
6638
2973
4815
2718
8903
3247
3924
4621
5317
2500
6693
5552
4817
2278
621
6114
7518
1659
7990
3126
1681
6476
8194
1748
9604
1330
46
6796
6004
2270
9770
8978
6011
2294
2147
8277
1242
3109
5684
1295
8662
3498
1719
6426
3148
1146
3475
2849
1054
8524
2486
2117
6068
4244
7052
6215
4864
5076
7375
1856
1801
6309
6236
6699
9150
4462
7651
3775
2923
1950
977
9720
20
298
8501
582
339
1951
8774
4263
1272
5838
479
235
5895
4058
8600
8077
1696
2086
7665
7792
5461
8150
8798
1064
3615
7430
7603
3696
4867
1725
5822
5417
7409
4957
7723
3493
2999
2180
7680
3896
9117
661
2944
9690
2518
2742
8669
5956
7629
5352
865
7064
318
9468
8143
3568
4575
2711
6309
4207
8281
1118
9148
9931
1934
1638
1628
9013
5770
2909
2741
5595
3525
1921
5595
9978
7984
8808
4410
8589
9540
7429
9473
9320
5604
8819
6693
244
9453
4517
6505
414
2101
8962
9982
5885
690
8006
3954
3776
5486
6766
1526
162
3393
1892
2728
6691
805
9966
5930
2933
6662
7711
6504
819
2860
9164
1362
5172
7156
4307
3184
5270
3307
6507
6623
6105
8890
5426
5327
596
1921
907
7414
1767
3260
5708
6019
4306
7391
8691
9314
6551
6746
8800
6002
4637
8035
3771
1651
8206
8549
5667
4958
7380
1247
3793
8883
475
3361
6333
9655
942
9232
3868
7799
1850
4311
8137
6132
3462
6633
5906
6003
1485
7104
1764
1127
3165
4487
4793
3999
9522
9402
1019
7811
1850
6321
2499
1432
2514
3883
7653
7853
5612
5496
3041
7631
3881
8181
7686
1848
7704
9128
1616
9785
2152
8085
4805
9015
562
1725
7762
4108
4496
8534
5805
7502
4152
6258
3004
9991
1968
9974
1350
8936
3154
3985
1395
6074
586
730
3647
2986
8192
7693
6698
5600
6444
7090
3620
8429
1
3520
5351
3220
4437
8127
2569
757
2429
140
4259
7077
3210
5458
5765
2269
2567
31
2933
8534
1080
9490
7523
8730
4788
1913
5022
5716
3269
2094
6848
1107
1015
5314
754
3872
1119
7286
6897
9775
7701
9056
7037
9252
8568
3355
7606
7863
3160
7896
5953
5772
4344
2174
2619
6384
3047
5532
2646
1151
6238
6713
9757
5907
5263
4206
5648
5000
9243
2459
7729
610
7734
6063
351
103
8006
6526
8620
4885
6002
4433
372
2506
4866
9499
3902
678
6498
6901
4270
8013
5332
7823
5793
2753
6407
9572
9956
9043
8400
9236
7062
8110
4742
7470
4901
6466
1174
7652
54
5474
4602
7711
7766
4069
3914
4351
6089
1790
625
9762
3047
9714
4702
5094
8531
4119
3711
2479
3296
1506
2091
7541
3554
2015
9598
1896
7844
2603
721
3886
1970
7975
1539
4193
7982
7206
92
4943
6776
5796
1926
2533
5792
9320
5604
6478
696
1575
1091
2376
7787
7201
5519
3501
7374
6799
5754
190
4287
5922
9961
8101
4673
7662
8274
7172
4126
1625
5061
5739
6295
5280
8950
865
2570
8357
7328
4154
7180
4051
6013
6768
4876
4671
8727
9366
4066
1249
4683
5723
5428
3902
5140
1299
6612
9320
3079
5121
6436
867
1062
8716
2541
1728
6029
4599
2202
3001
101
4677
7784
8686
7564
3124
2414
1138
7614
3457
546
9901
7440
9243
4719
2102
7304
1926
4457
4699
603
4753
5304
324
1605
7280
711
1559
8586
7386
6898
672
3721
571
830
2422
5852
1164
3451
3531
2966
4407
4476
9811
4129
8112
9860
2646
2633
7701
54
1955
2338
6255
4739
7123
6724
8564
3335
3413
9738
9457
3969
9658
1740
1900
8582
2103
1023
9733
4913
3919
6734
6238
8521
3086
8812
2748
8110
6991
8539
6175
86
5867
4474
784
7894
9408
9289
163
5548
793
3158
910
2537
9095
3294
6225
6158
4341
9290
6000
4719
403
4967
7158
2293
9872
7091
6501
7758
5148
2716
1628
5936
1409
3167
845
7885
8927
8514
8642
626
2185
5149
2135
413
9465
9121
35
6662
2644
6575
6661
4455
1194
3032
8294
4504
5311
8500
6624
5329
6570
3987
5126
8306
7160
5408
3241
7679
4991
311
6104
8394
8680
2914
4347
7569
9292
4542
8513
2851
8406
3342
8625
4611
2093
7723
2863
818
5312
2976
3481
3555
4747
4084
2668
1340
8690
3628
3258
9100
1672
890
4619
5283
106
3023
2762
9828
5862
9426
3466
6313
6085
7773
8825
4144
5122
5472
4228
9648
5565
4034
8543
2112
8790
4620
9008
6353
2673
1345
7454
6441
703
7134
8050
1167
5879
7623
9203
3035
3522
8431
7158
4484
490
3637
8578
3755
662
8433
406
921
2018
3360
2245
3588
8917
9129
6399
982
2155
2781
6932
4707
2407
3601
4941
8730
1477
6359
4704
8341
8381
147
5547
9988
5346
3911
1879
9684
8238
7925
569
424
9288
382
6366
7815
6425
3939
2121
7495
4519
4612
3864
4610
9258
7471
8931
8269
4889
4031
4101
8845
2576
569
6456
5912
8127
6607
909
8597
8227
3129
9761
8764
745
8287
1976
2686
7418
9622
4536
3869
9001
3026
5421
3062
6625
1173
7070
6774
1716
353
9214
8546
5509
2491
7522
5196
8661
9465
2978
1044
3345
180
46
5621
5358
4229
5413
5440
6589
3187
4590
7587
1361
4029
5795
1470
8895
934
3417
648
5681
7410
7216
3464
7638
9578
9289
1160
5723
6239
6232
1694
9098
6090
4012
6356
5313
439
60
6653
3670
8926
2675
3268
3362
9292
6286
3172
2660
1389
5972
1716
1561
1357
6491
8527
2273
2158
7772
1853
9832
7351
4848
7516
3170
3762
9600
5299
5145
7725
7742
7664
8942
5027
315
8221
6844
8711
2195
7667
8542
1779
7999
3244
3401
6282
9383
7168
8866
4685
2643
2751
6083
9347
8371
4007
2594
6242
891
3811
2026
1641
1005
2988
9356
558
3336
7437
8940
520
8290
5842
3903
7540
244
598
7320
1176
2314
9170
9601
5995
5009
622
8748
2584
1803
2600
3042
1897
2507
2753
5623
4945
4413
8802
9832
9394
9208
2998
2679
8931
1268
2047
7907
8061
39
5331
3837
7747
9151
6309
8354
4360
8246
6909
9685
8049
9243
2052
137
1138
6047
5877
8336
6653
6362
5389
1505
3987
8640
2644
8767
54
4955
2169
3400
5322
1562
2341
1276
6484
2906
6949
5408
7683
6308
4327
6375
5590
8918
4092
5819
4903
7108
7214
5737
2887
2915
7381
6505
4778
4887
7927
4079
6188
8241
6136
6304
4093
3177
7652
7731
4882
1939
6474
8371
2348
184
9607
479
4776
2874
8196
7459
8578
4547
5453
243
9828
1147
1498
4951
5651
5279
9808
6
2355
3207
5790
2428
4796
4508
9899
5477
6986
6215
1529
9897
7940
6969
6320
1922
6693
7502
3575
7492
8980
2313
1068
9434
1409
100
319
2864
3685
1620
7408
1463
7278
2828
3900
875
1101
2937
5409
5143
9560
4147
1475
1961
8658
7816
2666
8546
9000
5342
8243
7517
3511
8022
7367
1361
8534
9901
5538
1389
5212
9983
4153
6757
4742
2797
1081
6811
2210
4086
2373
8437
7870
1260
9837
4501
9367
5562
1568
816
6538
2014
451
8342
6635
4782
6508
3665
9164
4748
6718
1857
1874
2608
2849
2545
8212
1545
8027
4001
8135
1570
9207
6704
1847
4054
1846
6803
9567
9810
6526
5923
8098
5284
9275
5737
3829
9308
761
8743
7305
9818
2155
9779
1501
1527
9619
485
7311
3276
1106
4270
2264
303
2686
2097
9
72
6827
6407
657
1570
2739
7418
9513
1392
2572
6774
7745
7496
3660
8736
6309
3044
1239
3613
3147
5004
5311
6078
8683
9813
5098
633
1578
4312
1194
8688
9186
1163
3937
2737
6095
5012
7460
3153
5799
7754
4893
1679
7454
6842
5345
5304
8583
7344
130
7691
3643
9155
6003
1417
5040
7806
4987
3885
7281
1967
6719
1710
5952
6985
8387
7017
6392
9849
5545
9693
1638
6920
2867
3684
4396
818
4777
1051
3733
8993
4053
6099
8552
6220
3817
5416
7530
8199
9995
2635
8936
5884
7177
5633
7240
3935
1566
4292
2892
440
2134
5889
4405
5950
7156
3230
5367
9606
7452
1623
7743
8682
4277
895
3568
1196
8768
229
1765
5202
950
4711
2176
4113
8254
7420
1719
3974
5168
5268
9593
203
1113
569
3894
817
17
3894
317
362
7811
2886
301
9639
3855
9602
6109
5468
6208
1262
3111
9609
4838
3413
3911
101
4288
9418
7979
7301
7410
8262
6832
8521
4550
2945
4952
736
2037
2764
845
4138
8893
671
8128
3162
6684
3536
3882
7256
5073
5558
6265
4824
8861
8512
9796
2329
1561
8808
6311
6653
1936
8316
7200
9341
2456
9729
1541
2381
8446
116
2572
6132
7076
2161
6712
1352
6359
2479
1338
947
4538
9832
7716
1374
220
3418
5953
2429
1116
3844
5677
4457
8901
9488
8084
8782
6916
6672
7593
2545
1528
5009
877
7758
4844
520
7498
7908
9757
6828
3452
4749
8000
9772
1582
9044
3933
9170
285
315
2732
8152
3406
4750
2446
5775
3015
3376
3900
5506
4267
3076
8348
4914
132
9611
8795
3070
4706
9600
1182
7576
1101
3709
9050
1941
6301
6699
983
312
9503
224
1381
1401
5962
599
785
6409
1097
331
2336
4291
2569
4227
4919
4376
8460
7592
6760
9601
4000
1937
6606
9412
3739
7333
1070
5546
2688
7723
5301
336
3553
4651
7412
6348
4982
1503
3288
7998
7926
4726
6910
3272
5235
1079
4130
1961
4245
5736
2520
572
3170
7103
1130
2555
97
1639
9099
6301
8104
8203
4519
1403
2189
2184
5423
9586
7079
4633
4754
1500
1403
2147
5118
429
6646
3200
4101
4001
6556
3167
9415
4828
1702
9220
9676
9323
2315
4608
7848
9743
6701
8424
8013
4884
248
3938
121
943
6059
3273
4354
3326
9522
8998
7739
7150
387
885
5733
1668
9024
6676
9073
8081
2106
6045
9760
3423
9823
3657
7094
3105
5984
1151
223
673
2621
1933
1731
8351
6253
2690
3821
5618
8275
2227
9423
8484
8004
4000
2776
7046
5014
6468
8617
6088
4550
8778
1257
795
5531
1469
8529
4444
1248
9610
1366
2225
9920
6616
530
9054
6085
6160
3021
512
8178
9761
4264
7254
5632
9320
2233
6470
6002
6045
6910
7810
1372
2520
8888
2728
7040
2559
8745
179
6235
3183
2017
7671
8920
702
1972
7884
8013
294
803
4525
9557
1326
7187
3188
3251
6908
691
7995
2273
9317
7220
6670
9127
2145
3043
3246
359
5628
9069
8873
9057
1783
5394
4437
5526
7693
8929
5796
7781
608
1398
5735
3654
8075
9746
5919
7102
6442
9314
1200
5170
2155
1938
4902
883
7816
2887
6576
45
6235
4428
6626
2747
6905
9818
1711
8031
7269
7499
804
8318
3837
4719
4557
3753
2241
296
3033
1802
4282
5569
9861
9631
7720
410
68
4575
5971
5674
8142
8509
5098
1524
8742
9235
5658
4002
2109
25
633
4828
2450
1205
1210
699
4484
9572
7119
3934
6709
6206
7606
9395
4861
878
8096
2578
6141
8985
9048
3705
6928
2027
7882
5315
3538
9945
8102
6399
9248
987
4699
3425
8675
3024
786
5954
9277
2527
671
734
7866
8990
882
2034
736
2432
3142
912
4908
464
2751
5027
1513
8335
262
3361
2507
4725
3897
1797
4930
6284
3665
814
1470
6239
9434
1506
3009
2147
441
7515
7458
2080
3462
3311
9457
3269
3268
5469
6012
1311
4319
4397
3645
8028
7960
2395
8306
6146
1694
800
9927
9183
3893
714
9235
6981
4319
4965
2340
7013
439
6148
454
4584
2065
2324
5301
5216
3653
9976
1815
4422
3219
2492
9193
979
2538
593
7400
9286
6531
4215
786
6199
3874
9728
7815
4282
4906
8941
5962
8337
3656
8490
6184
637
1832
5120
2553
2488
4203
6417
762
1125
1081
4191
2809
1201
1933
7285
9578
4213
1495
4584
6643
6538
9748
5606
5291
4536
8593
9793
8549
191
9830
2767
8689
5002
7139
7634
4850
1651
8973
1928
9388
5158
3017
778
1806
2914
2142
5736
4534
9993
3030
9398
484
6033
2184
5663
4629
998
2781
197
1225
9558
2942
1
144
1964
2351
1871
444
860
7783
5563
655
4609
4622
4236
462
5209
3630
983
956
834
4397
2877
6820
3536
1632
9203
665
8422
6971
885
6853
1208
9595
8154
8940
2653
3376
8555
7430
2459
5973
8353
5883
6495
6047
5989
2754
4240
9549
2050
1337
1487
2361
1101
9015
7117
3951
8702
7737
9054
3004
8472
5033
7557
4575
6215
1324
9938
6101
9049
1076
9459
9145
2978
9657
5378
2931
9155
9103
3685
9081
1165
3048
870
5779
6018
4295
3932
4439
118
9375
4928
4842
5620
8799
7062
7097
8440
1074
3453
4164
1226
4880
6704
9538
5295
4042
1227
2273
3519
5505
1783
7506
8165
7337
4380
4874
9745
9369
5784
4273
1196
8598
7889
485
3762
4622
4950
8667
4444
3869
7480
7769
954
9342
994
6459
2164
4557
1237
5182
9331
2344
7917
3188
5267
5356
1306
6923
5677
7926
5967
7337
9712
7500
493
7472
4004
7193
3983
2773
2313
9484
5644
5695
1376
6283
3588
9970
8246
6336
677
7302
6472
4365
4400
9011
4430
1784
9449
7382
1018
658
3994
5364
7951
505
3626
3518
2985
8614
5333
2819
8693
2844
4477
6112
5364
7519
5259
9329
4021
136
6237
3985
1693
3094
3466
7023
7663
6982
2837
6055
5001
6414
9949
3216
6212
1195
546
7593
4018
1476
640
7798
9654
5698
4958
1241
808
5893
8618
642
2874
3103
3946
2853
6646
6582
190
6240
5726
8532
7220
1069
6782
4393
3199
2597
6811
6037
6840
8590
1780
9396
146
3465
2115
2130
3404
3023
4514
7720
3915
4558
9026
8721
4463
3412
2116
6839
823
2008
47
4368
4398
2396
5632
5630
8815
8294
8787
4866
7721
98
8732
1595
4570
4452
3113
1503
7426
3626
8511
984
1397
2263
2622
432
5969
3774
6745
9373
4070
3319
2610
7846
6225
7375
9514
2962
1099
5415
6646
7998
2647
8671
9901
6805
7189
9345
6066
1321
2303
6129
7587
593
2538
749
4422
7969
7030
8686
7554
2891
5737
4607
4476
7619
4726
3892
2915
8553
9277
3588
9580
4275
4087
6109
3858
7129
6323
2437
3425
5577
695
4581
4083
389
9019
8452
7758
53
9991
1540
5959
8526
2864
6877
6544
6139
3204
3557
3332
2423
5921
4360
7784
5664
3920
3985
5112
7878
5116
8866
4631
9934
9977
4922
5440
5980
23
6266
4021
5000
3618
1092
1582
4411
4343
6133
8954
455
3543
9211
9092
3400
5079
605
4148
6829
8697
4826
2430
9535
4596
9751
6944
9266
2767
9164
2042
2669
1891
3392
1816
6967
7675
1065
4010
5561
3180
7565
5715
9809
3911
6543
3501
6078
4925
9080
2967
6543
4243
6215
8156
1829
1496
4555
9855
7696
1922
3335
6716
2115
1023
2258
8897
6947
1720
6395
6507
3844
3106
4324
5599
9988
3117
5741
2227
1771
1853
2215
5818
1961
9866
190
8913
2131
1922
8230
1694
5080
2759
5462
7594
7780
4414
8430
9800
7258
3496
4765
1069
9016
8504
4859
7840
354
1271
2532
493
249
8070
1308
2227
5137
3590
5208
4693
4308
9418
8735
4890
5420
3933
9748
166
9980
4451
9702
6125
4496
5268
3256
1771
4712
7958
3550
456
9417
2058
5722
1860
8650
5213
1867
4186
9383
1968
3355
7058
3921
6308
8567
7909
6993
450
1242
7094
1748
9968
3381
3215
8358
2193
9696
139
170
8680
6148
5542
5885
420
2727
698
8190
6239
3007
7724
7660
4164
7277
748
8795
7836
4743
7777
1532
6028
2473
2290
702
1387
3474
5461
2788
432
5246
422
1355
1509
6682
740
2955
1520
8500
2205
2080
354
3604
2963
4687
6218
6471
344
1743
6999
3283
2809
2814
5795
833
1624
2761
88
2875
7030
701
6981
6819
7217
8293
2825
5246
1070
8443
836
7383
4267
3013
7680
4968
6771
9993
9106
9006
2595
2390
7329
5891
4077
6571
8411
8439
412
178
6785
1823
7001
833
9089
3792
9097
6249
5365
8950
3708
369
3878
6787
4414
2062
8032
9241
4961
4385
2633
9977
1340
9934
2728
7429
5103
8138
884
8630
8724
7034
5927
2491
4883
5633
3969
4779
8636
2166
7854
4730
1053
5956
8568
2407
435
2644
2421
6728
8032
7930
1234
5152
6697
4839
8987
1906
2013
153
3906
6481
56
5123
3090
1397
4996
4495
549
6611
8061
1560
9082
6866
8471
5653
9444
1240
3673
1798
2026
5349
1181
211
7255
9061
4846
2235
4084
189
7693
7803
6438
8121
3944
5758
8897
2209
8312
5078
5002
1662
2777
6593
2522
8581
7473
6913
5412
2014
166
5833
4885
923
3851
4780
6425
6179
6823
7723
3582
6397
3005
8961
2548
5005
2852
3904
3364
2767
4754
2689
217
8425
1495
1941
185
1020
4314
1076
6865
9766
8287
8128
5822
7420
8198
7658
6734
7259
772
7598
8389
4966
966
84
4765
1100
1705
4031
8560
179
6492
189
5883
9281
5515
6822
3360
2438
5961
1338
3399
5875
303
1727
5438
505
3692
1594
7025
9702
7916
3016
1708
8789
3985
8858
8110
9646
8852
6141
6727
9571
4082
6033
3479
9571
3985
4582
8410
1285
7566
3670
3882
7993
6662
5854
4861
149
8035
2974
5167
7860
1197
2458
5982
5004
748
9300
7704
5091
7453
540
796
6868
2122
2946
805
4397
8598
1928
7419
9127
7928
1054
8137
9909
9724
8907
9601
3427
6633
1044
9638
6321
1164
2792
9060
4883
3945
3894
7916
2773
6051
1693
8371
5642
1131
9397
6812
955
1372
1568
730
2301
2921
290
176
8583
3561
4154
6371
7732
525
2046
6920
5247
7240
1268
4689
5021
217
8666
8324
176
9094
8084
1569
1956
6065
3551
2623
1424
3814
5484
4373
5576
7053
6510
382
1482
1669
5607
9541
6101
3280
7354
5660
4164
1370
6840
8678
7313
8152
7244
474
9729
216
4514
9757
5040
6562
5946
2348
967
5979
9452
9688
4312
9409
7031
8168
5895
291
6192
1549
7187
7511
1077
3530
5065
4799
9646
8834
1151
6254
5028
1254
3544
3796
5851
7467
8608
5238
6609
7783
3291
3297
863
1014
9340
3637
1525
804
7998
6811
7622
6697
686
1897
6915
3171
8743
8833
9998
6901
546
4404
8272
195
5926
4157
1915
655
8108
6360
1836
326
3822
5498
374
2117
5118
1242
3726
3316
4321
6659
7712
2138
1662
2291
9362
2115
6899
5576
9458
3078
5167
3308
7921
9439
6999
3072
4283
79
771
3866
4037
9672
7903
1023
5466
7598
1592
6658
44
128
566
4235
2009
6557
8759
3535
2735
3615
86
4027
8486
3823
7773
4991
7886
5652
5666
9834
7302
9969
3066
9738
8034
4708
855
689
9044
1840
3188
224
9873
8378
9458
2137
2170
6461
2754
5931
7927
1409
1223
4019
5065
3791
1241
6260
9206
6339
3166
7813
739
7137
4123
3649
7679
2914
1206
7674
2111
3477
2957
7876
4040
4735
7922
6395
2421
168
1540
1421
3028
5479
2614
3466
2019
1540
8567
4216
2680
7457
6420
100
9632
5876
6183
3647
2058
4950
18
9477
504
4054
4435
2599
3705
4555
1256
6142
1770
8942
9529
2007
3941
7236
5751
6822
9473
2425
3458
4062
3992
8577
8357
1064
1833
7317
2110
6211
6097
4465
2975
4859
7001
6573
3620
1567
4704
697
486
731
6201
1357
3010
2378
2960
9841
9365
3192
2516
2325
1648
3782
905
4499
8880
8186
4380
4290
8534
8679
7702
5058
3705
842
2794
9929
358
7775
4393
2194
8277
2838
2240
3703
2313
3495
1201
4105
8932
4858
9320
1354
1641
4645
1297
5987
2119
2273
4738
5226
6466
2823
246
3655
8591
7092
6115
6109
9715
7196
1739
6326
408
7695
278
119
5418
3819
6660
3925
1705
3208
8259
7187
2540
2369
9405
8139
1145
1368
2018
5977
9747
1069
3601
926
6824
6415
8796
9360
2445
6657
8572
3243
4679
9514
794
158
2286
5615
4716
6042
878
8192
926
2469
161
5317
4055
9522
2761
2498
5382
7654
8137
6564
7049
3319
4679
9216
1847
6907
6123
188
6308
8978
2012
5482
4027
1853
4877
5072
9331
3789
5272
1948
4061
3040
5149
4905
6261
358
7703
7006
2464
5287
1435
4674
8720
7088
4293
1575
9296
8061
6513
8883
5291
4626
9282
6630
2352
2691
651
2186
5735
6579
3684
4470
9670
6625
4321
2732
6855
6733
2781
9273
230
2578
172
549
8924
6847
3047
838
8071
9959
3233
6253
9663
5468
5397
8354
4004
4549
2141
4803
2414
8822
9673
2689
2472
96
1719
9621
1198
4714
8677
3998
1079
8078
9246
371
9973
7279
429
8948
5219
2442
9857
7221
4599
8508
5052
8383
145
7707
5563
1833
3106
5853
6232
6097
3597
3520
5338
3360
4566
1641
9377
5072
3903
2873
3248
8826
7815
9354
6795
1989
1174
9265
8192
4647
1372
7836
2715
8261
7216
2449
365
8545
8685
8404
2341
8122
5594
4428
4172
5776
6482
3153
5768
2726
8842
1748
2316
3971
2599
4532
2155
4251
3559
8369
6484
3577
1460
913
118
1890
3951
5695
7561
8325
7788
5436
3162
4783
4564
7054
541
9856
3793
4329
2796
6475
9997
6828
668
393
8224
4742
2099
9967
8211
9071
4058
5080
3379
2298
8527
8486
3993
3701
5594
429
6064
3389
959
7828
2540
2246
3052
4757
7001
2290
438
5919
8921
5213
6962
3676
9057
40
7468
7991
2084
3103
6447
3227
5304
2396
4573
8296
742
3798
3991
465
374
895
8781
3406
866
8188
1612
2244
2174
6420
4143
7268
1732
1541
5556
1044
4571
4119
8712
7467
8870
5035
7540
9529
7855
7155
8643
6192
4146
8790
5048
1542
8468
651
1566
8006
6356
1104
1638
4156
4769
4134
3383
4687
1240
3632
6693
2717
126
3078
7531
4969
6628
517
3598
3471
938
4626
3888
5348
6821
751
7993
1163
9836
5177
9519
997
2823
5173
4218
8965
6786
824
2012
8415
2877
8055
8020
593
9968
9497
319
3549
8121
6317
8964
4655
8376
9983
8559
4676
7174
4805
6913
2292
2785
6755
538
5241
5118
3490
1705
3267
9357
935
8630
2687
9936
2791
5800
956
5461
894
2457
8521
6931
9098
6923
3096
1496
8173
4316
1944
2509
4051
4410
4050
7697
8463
1844
7905
5705
3310
6705
3254
1587
7856
4754
397
3651
5944
1250
3830
4780
3380
4034
5435
504
1218
2787
5830
7246
4963
9667
6717
9461
9670
5853
7987
4453
4743
202
2530
7652
7262
6401
4080
4886
3867
2653
6373
2603
7611
9209
4270
6291
720
598
4889
2226
1753
3160
1780
127
8866
3373
2751
9773
5386
4833
2315
5154
8247
2345
7694
1630
6778
8119
7764
5795
6087
1277
9345
2877
7097
6085
1754
9586
8332
2340
6852
661
9609
9592
8177
9449
5205
1268
4296
6553
3363
3160
7071
6048
4744
6182
5013
6372
5767
6936
8871
4123
1195
8514
86
2591
8276
220
9578
8237
986
1480
7080
605
3041
8180
9960
1472
2554
6609
9579
4292
3739
502
4333
8688
9966
773
4132
1403
3885
5242
171
1538
5325
6029
6460
4026
1755
9847
9573
5285
1832
3307
1648
9773
5675
5301
7833
216
8142
6930
9631
1315
2654
1728
6272
906
5630
3149
2611
9435
3508
2671
2671
6661
9923
1142
8502
1993
291
6546
5501
9969
2169
4016
4812
440
7496
8822
4967
6006
8272
325
689
8651
8363
1733
7723
2841
8813
8417
6387
2681
2857
976
9263
7158
8453
9316
9780
5340
9951
8480
4355
5309
7259
8498
1964
7234
4816
5025
2545
3540
6762
5124
5397
8807
7895
1569
7639
4888
2775
9918
5827
7666
5820
3101
1207
7943
7595
673
1137
9778
6802
6187
5380
389
2229
2287
5832
4502
2709
9625
2475
8173
269
3082
6318
5629
956
1070
5000
8576
6321
4293
7215
5560
6209
4539
4521
9933
9422
3814
9765
2594
2526
5261
533
5741
4856
2710
1725
4721
2857
363
3671
5237
6196
2826
7243
136
7320
3930
1427
4537
6506
370
6881
5204
1193
5490
7544
1271
8890
402
8968
6826
7975
2658
7880
5788
4127
5764
3334
6702
9142
3008
5892
1528
9591
8465
6074
3305
6234
2568
3000
8591
3574
7983
156
4341
7544
132
744
7494
4936
4527
7507
8034
1559
9214
9694
993
5079
309
5999
1943
1363
2598
2717
9914
4744
6633
9967
933
3149
8480
6965
5993
8020
458
693
9486
6738
6019
179
9130
7796
6629
4507
6359
6688
9132
7662
1801
1750
1968
1663
4234
3974
6332
1602
4463
7583
7224
2551
2300
2942
1051
101
4473
584
3041
1260
1436
2578
5401
2836
4317
1523
4954
956
8661
2490
263
6277
4522
2727
4376
3809
3746
9115
4874
9095
3328
3339
4570
3725
2437
8668
5919
6119
3323
3131
9271
5703
2773
7508
1719
2912
4411
2370
4460
4142
4799
4599
7410
1802
1779
5750
3362
3159
7502
4634
7390
6108
6842
4895
4166
8209
1734
1605
7165
812
246
3813
7627
6634
5875
8870
2022
9182
9155
8238
9979
7228
8514
8410
6669
4890
8946
8347
5177
6763
9529
4969
9573
6493
5661
1587
5960
9691
739
8979
5392
5184
1336
4925
3704
4333
4022
9611
7330
4407
4416
3678
2622
9845
82
394
8300
4904
8392
3762
338
2457
85
5272
204
7004
8952
6642
6264
7358
8622
4116
1031
1269
3596
3859
9870
8511
1298
5266
6338
8177
2721
9738
5989
4206
2271
8405
3784
745
5552
171
1961
9784
3195
2987
4467
1937
1867
7318
4482
273
7753
4767
5581
1472
852
3854
4876
5835
4785
8587
1734
9958
2254
8490
9820
1416
1146
9572
3392
9513
1287
9698
8075
8231
8597
3347
360
1923
8499
2325
7909
5356
3479
2165
1329
3322
9931
4263
3746
1516
8371
8012
4027
6899
5803
4651
9365
3494
1299
3497
6245
8053
6563
4936
2489
4033
8758
753
3741
8424
7099
5695
6202
8258
3185
4183
1517
7669
9755
8013
3691
7729
4071
9352
6480
5326
9875
8754
2211
3402
9540
2865
3519
8799
8399
9082
4758
5371
6383
4836
1734
6037
8919
6285
2441
554
9931
5971
3126
9010
9404
4632
59
2186
5876
8244
8518
7785
4770
5386
3422
4742
9700
2306
7753
5771
176
2405
2233
1345
4679
7755
4575
8054
768
84
703
2468
4302
4986
3934
6127
6797
2301
3383
6549
7291
8781
9198
4624
1387
3928
6933
6565
3935
3120
1056
9069
85
4221
6785
7591
8916
7665
4467
6095
4371
2792
354
2498
9928
1905
802
2133
7586
529
127
1319
7173
2719
5865
1647
7469
6051
6742
9561
3207
6469
5039
6571
8836
3365
3035
8095
9429
7182
9641
6174
3225
8314
4656
8837
3776
4197
9551
145
8513
6961
7930
9355
8180
1855
6483
6430
3645
5436
51
4765
3677
1098
8906
281
693
1006
9105
8884
1044
7923
4675
3060
3524
8154
1975
3299
2436
979
3563
9687
7833
761
967
4400
1635
622
2320
1420
4515
8314
4972
1944
7612
8396
2379
8679
3070
1973
9960
3298
610
150
4836
8482
1568
9706
2444
4053
1061
7784
7977
9703
8393
523
9265
8997
450
2943
4039
8796
9286
5857
7902
792
9150
8664
9352
1391
8171
5484
6619
8357
7713
5159
2728
9012
2689
1555
5462
8913
1454
7889
2556
7716
2674
2651
8676
7133
8099
5147
2322
9915
1688
906
8240
8423
8622
6249
1050
3465
6719
2666
6640
1295
4468
1848
8554
2872
6343
2912
3321
6140
9045
3240
1704
4784
7110
841
8294
9663
7694
8241
6497
7603
7349
9514
945
8899
5436
4445
4311
8236
9841
5098
9921
3583
5211
5612
8067
4805
5821
2068
8051
9249
4682
3352
9856
9654
8445
1395
7230
952
1045
2982
8061
685
9975
9748
6671
3644
8003
2822
424
7486
3441
4990
8285
480
8723
1493
8455
2251
8773
2470
4711
7983
6110
254
628
2284
8844
2991
4219
7482
4037
658
7905
7630
173
3068
5307
5771
9392
961
312
7273
3365
4812
2117
7327
4532
8416
7398
7350
1114
2715
176
4574
6013
6473
6727
6527
4055
8209
2628
2822
2999
2087
5381
3883
2643
9590
9574
1023
714
1348
1704
933
6505
8156
607
6281
994
2762
5256
606
7365
9289
6647
2308
5114
4269
2870
1188
1867
1444
8373
2299
1540
942
6994
8312
1982
7378
9497
359
4355
3923
5189
2912
758
983
1019
9198
5292
347
6200
2726
6520
3257
7623
3516
4521
5655
7516
6421
8722
37
786
9252
8140
8203
8529
8183
699
1006
2222
9981
6373
5299
8155
1827
3903
7083
2393
9216
6785
7510
3697
5348
3838
7239
4649
2369
2558
4199
2471
1419
7246
7941
5204
59
7179
435
1204
396
2399
9333
9900
4625
5677
9723
4200
2291
3845
5942
3336
1278
7891
9274
1608
6349
5579
334
9264
3465
14
5908
1466
7107
1301
9587
1727
2084
4659
655
737
9507
6958
1072
9284
5465
8821
6871
1785
7398
8914
8340
4915
6534
7546
8222
9622
2771
8471
7695
8502
7794
815
8489
8060
3691
8055
472
956
5859
3689
9152
3307
3608
5670
6365
1180
5131
5216
3666
8775
8655
8312
3279
6403
7581
212
8408
2290
6174
6489
6524
2863
3432
784
4197
6667
6270
5819
8491
1324
5730
6632
2844
2922
2238
7421
797
6241
2415
2065
5340
267
4343
1430
7174
181
2561
5857
5178
2247
9354
6167
8893
4277
9180
3390
6941
1251
1903
4355
7561
1271
8695
2134
744
1127
7628
2035
41
6109
360
9641
5925
4854
7853
6655
2647
4982
1636
3212
2332
8360
163
49
201
9547
9938
188
3838
9820
9058
9863
5937
7026
3464
1215
3009
7201
9962
596
8032
7417
6033
964
3736
1188
9995
8165
3907
7611
9624
5775
9792
2257
3838
7558
7743
4952
3146
5266
6030
4606
4024
6747
5345
749
29
7428
8631
3563
2024
2421
8706
7348
8080
4686
3431
446
3712
5862
1138
5901
5631
5980
8169
5642
6468
5869
3877
852
266
7540
4945
623
8342
6092
6023
5457
5698
9112
5780
8201
9739
5835
5192
8268
240
4361
9413
8466
956
787
5775
6987
3270
5311
4127
1915
7808
4968
4130
1081
38
9
43
3582
2922
3051
2256
9462
5284
6945
1430
48
3862
1179
754
8775
7960
2855
6919
3009
796
4185
7742
6337
9282
3689
1083
1935
2892
3289
4015
3698
2025
9296
2276
4167
8343
6180
3076
7676
9050
8656
8379
3576
6027
1812
8470
8076
3945
5487
8912
8393
874
4839
9957
5199
8204
1016
9220
7120
7197
8471
3400
9065
675
1449
9786
7080
5549
9234
8102
8106
6314
9989
2941
3284
9860
572
6436
6851
4875
6225
5501
4735
8404
1859
6991
9911
7678
9895
1422
3395
426
6264
983
8143
6705
1735
614
8601
2962
8298
4811
6074
5868
9662
4906
9340
5140
5265
7333
4966
3787
9168
5311
4064
5101
4229
7607
3547
2720
7074
3192
58
6994
6153
2667
8282
92
3895
1057
1853
7263
1824
8232
8330
9829
8075
2495
2057
9752
8296
6693
6457
3325
5468
8554
6100
9965
1290
4284
5407
5965
626
9679
3187
5544
7644
4810
3441
1687
5059
3863
5034
6694
4375
7169
3815
913
1634
7005
5592
3829
8523
9540
7114
2344
2281
3797
7115
9877
92
7189
3945
5894
5420
8983
7308
9123
7785
2878
5545
639
8662
4567
9239
4544
3648
1313
2393
1321
2473
9106
4626
7347
228
308
9626
3383
7712
3793
947
8706
7079
5119
4447
7888
9717
445
3851
478
7277
6209
5855
9233
5806
9164
2602
806
8362
8413
3444
8347
3457
2438
5274
3223
8128
5192
8906
4661
619
1659
5372
1912
6162
7616
4559
6319
7424
9517
4602
2044
5008
7319
1165
4557
2275
9910
7622
3645
2502
4202
750
9759
1940
1830
5060
4671
2160
1868
7530
8746
6445
5327
7756
7395
2730
2012
4729
9261
7373
5013
5346
3033
1044
2248
7236
4349
3383
4513
8569
4345
116
3429
9567
1216
5428
2470
6220
5469
2610
442
5487
830
4903
2216
3022
1839
3495
4993
7166
1396
9343
7590
8838
6045
9340
5961
3622
3685
9093
6462
521
4068
771
8355
7309
4792
4275
4448
146
7557
435
9384
9903
8419
7000
7078
6238
2334
6622
2915
8754
8049
1100
2407
3699
6540
3541
6164
1612
9332
8419
9583
7820
6225
1394
3338
5287
4582
2694
5436
4503
7100
2288
6004
1213
7612
663
9276
1091
2716
76
8178
9157
8362
2714
6834
6745
5607
5818
8733
450
3432
159
8826
843
8181
6963
6257
4496
9192
4171
7502
484
4138
141
7914
1280
5100
968
9445
1467
8876
9323
2342
9175
3711
1399
21
2290
3780
7477
8009
4258
1154
6497
8798
1497
2194
2315
8689
6534
3578
8145
4299
4169
7265
3818
8671
9241
7152
816
3156
3005
4615
632
6353
636
7598
6896
2863
9325
9482
2088
5653
3114
3914
1117
6005
8978
514
4543
6267
4201
712
4651
7652
7984
5798
4906
7853
7684
974
4954
7559
5311
6629
6509
6886
2331
2272
6919
5052
8682
2297
9316
3354
4994
9549
4485
5326
9698
5947
6321
8851
6947
1961
7021
4255
7606
2129
1888
629
8388
123
6286
4870
8193
5646
8198
6542
5457
5346
459
3008
4988
1951
4197
9787
776
3000
1796
9474
7154
3863
8366
3358
3495
9550
1957
1360
9157
6546
1255
7304
189
1341
3471
3869
5890
9402
1577
5647
5543
4085
5366
6265
9303
5707
9647
2463
2372
6861
8150
1253
3927
2629
4625
5056
2779
6023
9933
9088
6129
1543
1283
6721
4969
1331
2819
1368
8633
975
3611
7118
7526
2225
498
4474
8362
9166
6136
3034
3956
2833
8580
3406
3032
6860
6894
7333
4568
7018
7528
2606
6278
2301
1000
7999
758
4023
9822
9430
9511
8841
8941
4908
813
6402
8332
5412
8374
1934
1871
1228
9798
8517
8898
810
6907
299
740
3691
9827
7535
3554
452
7932
2986
3523
9448
8799
868
640
9953
6610
347
7712
4370
1254
7851
7731
6763
3546
5035
1897
3262
1892
363
4892
8725
1560
8551
8972
475
3171
9534
3990
2988
6403
8688
6721
3262
6922
601
7424
9942
4894
1814
7822
1553
811
2017
5988
5776
4593
7450
6974
802
2694
5530
1768
5174
18
2863
1432
625
9512
4657
2007
1816
6274
6798
1851
3085
94
5844
8218
9283
1983
6770
4192
6499
2751
9606
6449
878
2752
2532
4753
7792
1557
7465
346
4266
2254
3524
4098
5099
3862
6876
5633
7249
8087
5515
1900
9796
8450
5850
642
6710
6565
9022
526
1435
2427
1720
5099
1021
717
1750
4372
8066
8526
1687
6253
7049
4451
378
3158
7546
1915
4504
194
7013
3524
1372
9335
8454
2268
2215
1014
5506
8282
6390
6096
293
8880
6718
9921
7712
3684
3373
8014
1233
6985
2979
2070
5162
278
7200
7265
5571
8189
7379
5068
8010
6656
3062
3901
5071
7256
3435
531
3163
6089
1421
510
9409
2053
824
4906
7503
4990
9655
5983
4661
5898
6492
9504
3427
8396
3631
2146
2700
2386
2167
532
6070
9364
2900
8976
3851
5442
1058
5534
154
879
9756
7193
5846
7926
1611
5378
6743
4489
7701
6982
9890
5994
7014
4867
1746
875
1150
914
4712
9889
1262
7006
114
6953
221
592
7464
8837
643
3695
4923
2113
5971
3595
1694
4465
5839
8983
7692
9097
6134
5699
4827
2022
8985
3049
6796
6525
6426
3714
8714
9647
3846
4500
2496
8621
7352
1681
5761
2446
2802
582
3082
1847
1265
8219
8796
3076
6285
4623
2339
4119
3580
4775
1740
7810
8506
9149
1164
8352
4610
8082
7773
6693
3810
1518
4305
4108
1432
673
1135
5300
4338
4698
2564
2214
5646
5233
3677
8360
5352
6874
4714
9998
5757
6071
4706
3219
9298
6752
660
5409
1469
1060
4716
1273
3976
4043
6203
1220
572
7422
8088
6988
1010
5562
8108
1031
9283
372
3248
8718
1799
5042
3854
4982
3287
463
6009
626
7995
2958
8401
3792
5690
1783
2860
3814
2094
2675
2536
9749
1684
8201
4551
3079
7271
2583
2435
8106
1110
7329
6066
9942
4862
9316
1569
9678
5341
9919
9513
4846
7680
1857
2000
1567
5201
73
7939
2783
9996
8282
6340
7849
8980
1051
9457
4095
6374
5762
9783
1430
8180
8665
5734
3354
1929
5548
5806
5457
1116
2166
7433
442
656
1795
873
9447
3616
4615
2541
2414
4238
3887
8714
1462
1335
5861
98
958
739
3531
1418
8254
9820
1559
8054
149
9916
4895
5443
3249
1843
8004
8924
697
7923
3181
7386
7280
200
3779
9505
3581
643
6426
7186
9342
9592
4535
154
9997
4015
602
8237
4944
6067
1426
18
3972
9131
1174
7606
9700
2445
5444
8838
2894
4080
9932
6544
889
4765
7073
4581
8269
9147
6787
1088
8864
7452
4584
5096
7486
3565
1095
3261
4333
7850
7154
8464
4919
8417
4068
3923
1322
9922
3694
1922
8891
8097
201
2387
534
2495
548
3544
2106
9445
5210
8813
5078
2786
1886
1066
1480
2685
9622
6438
5277
5453
530
9644
9324
1885
1089
5178
5267
2990
5721
6649
2752
3158
7553
2150
4734
7468
1593
6236
725
1221
9963
1699
9598
595
8301
7349
3873
7142
3038
5529
1254
6225
1702
2677
3963
1454
472
8544
3348
4881
7948
2186
229
3480
7566
1979
925
6611
5314
7035
4719
9510
3868
3670
333
7226
7594
6387
6155
2640
6832
1176
9436
9130
9937
5374
6156
4532
9765
3654
9142
8681
4001
9944
2325
1842
5745
1884
8533
3846
6566
6028
7190
9488
2394
8789
9903
5087
9065
1549
8125
7263
3276
726
5782
5071
6018
432
4598
8609
4588
2276
1518
3374
4034
6449
8664
9012
1047
8284
8766
6632
1888
3233
1527
9171
5098
6512
2020
905
7905
1788
5377
8763
303
1256
5154
4703
1322
7290
4323
1149
3184
6245
4073
2989
5751
5071
3231
2606
8237
7293
5768
1488
5193
9479
8578
3242
6506
8934
1534
5989
4459
1103
2415
8907
7186
4835
3515
9601
9633
1912
3672
6835
6785
6324
1144
1678
780
5831
9258
18
3132
9405
3224
9328
4042
8924
5522
3512
6028
1656
186
9149
1699
4741
1384
8100
6087
3338
1688
7230
2204
1440
7606
5326
8307
3594
284
547
4804
7343
6077
4227
6534
7683
1958
3377
2082
2196
6709
3224
4864
8400
5266
9852
4395
8428
7912
2785
2081
8601
4626
3725
6544
4366
7201
2842
247
1494
1364
479
5211
642
84
7279
7540
1953
1751
1321
8101
8013
557
3254
2402
6458
8532
7282
3133
2130
2037
5089
3941
6102
8859
4414
9424
9315
4376
3583
8014
4330
2004
6704
3746
450
191
140
9673
9383
3301
6983
1418
9042
2035
8020
6637
718
4960
8725
6178
1281
6945
5197
9327
7409
781
4141
702
5141
7788
8602
6317
382
3579
2936
3740
3514
7944
473
8276
6237
3132
9369
8765
9048
8662
2
4480
1716
8978
8576
7003
2588
7534
7718
6642
4141
269
6351
2913
8478
1076
5434
7196
6140
2762
8242
7088
6256
4718
9998
2372
3843
3695
5039
4811
3544
3503
4619
1005
3937
5150
6887
9700
2893
270
5475
2896
7797
5672
7032
2177
1615
4481
3878
2208
7713
4817
3816
9275
9335
6635
6613
2376
5597
6429
3429
3145
8338
1166
4852
6761
1404
8634
3603
457
5392
6445
4665
6493
5442
7900
3202
6794
2899
1812
3883
9105
924
1066
147
7892
1863
2754
5409
1076
3005
5832
3573
1766
9411
5880
5697
2860
9925
8386
1262
8277
622
1885
8654
3872
6750
6349
3911
5445
6997
1150
6942
4000
9943
9929
6090
216
8373
7693
1055
7908
6476
8261
4189
9810
4688
1107
3098
8005
473
634
9433
8592
1074
8956
8822
2079
2577
1402
5745
8011
641
6161
6283
4026
453
8708
7987
4577
3924
6581
7518
8485
9016
9628
4555
410
3925
9624
7086
29
4109
4191
526
6226
6763
7651
9694
8861
5430
2549
7504
4418
9645
1671
6969
2500
4862
6692
5928
3901
2955
5757
4330
9737
2288
4154
1858
3788
3041
4403
1820
2410
4410
5465
8575
5393
2018
181
4290
7015
5901
1241
3369
4352
9052
2298
8899
5452
8331
8427
4695
417
5701
6945
4338
5588
2306
3771
3424
4125
7981
4101
5806
9547
4728
1854
4624
9489
7890
6667
3291
9370
2720
6444
187
761
8665
1100
4142
8064
8714
147
5591
810
1875
6225
6665
9901
8308
2605
3426
3337
2375
430
6561
384
6364
5309
7956
2135
6569
6271
1921
342
8369
8561
2002
6246
1595
2730
631
5599
8464
2989
4710
7725
3733
8441
9652
9968
3181
7497
8466
3489
5931
2172
8559
2635
4294
9491
9835
3093
2957
9973
8679
3814
7999
4182
6509
8362
4871
2069
6339
9279
7389
5244
8187
5672
292
7672
4560
7819
5663
9783
4000
5571
2024
6751
870
8336
2756
9298
8335
9723
50
2678
7865
1477
3788
5029
1655
8011
4343
4184
9369
8181
662
8784
6177
2446
7473
5707
8488
5858
1183
7586
3818
3522
8196
7434
3349
2540
9295
1573
7872
7243
2943
8053
2254
3476
1609
7130
7621
4530
7555
6915
9017
1125
6757
3428
854
7963
9147
9104
2074
3237
1910
3951
3702
6619
6677
7148
8387
8827
3000
5483
2413
7477
9645
8899
4269
432
2365
8059
5786
3922
8635
8706
3930
9725
3256
8561
3336
5943
1787
2084
9144
7946
7420
7694
9241
2787
3312
7373
7401
1968
8054
9639
3089
5597
1751
4015
1803
8435
2805
2419
1419
4849
765
2432
4089
1556
5181
1304
8080
5019
6141
5906
4065
1981
1410
129
8280
6939
1425
6890
9642
6439
8245
9341
5160
9531
8987
6678
9663
5346
4143
2083
583
2999
1958
6484
7977
5387
7685
1957
1727
530
6656
3300
8481
3514
9098
4792
9445
3128
5791
5044
3257
8406
7659
2364
6420
2157
1907
7264
2214
6446
2692
8122
9824
1958
5652
4097
1218
6755
757
7695
6709
9974
4744
5613
5383
2199
2983
8799
5237
4538
4808
4824
4766
6285
1907
1386
9725
2140
9263
8218
4892
6881
3667
4656
86
4894
3748
5348
1632
7263
6419
6898
8245
9810
6017
6985
4274
2449
7508
2053
5293
8008
9231
3006
2133
923
3008
2362
7729
3984
1912
757
8999
7133
3861
7239
1633
636
1520
4862
260
8989
8364
4781
9940
2988
7758
4702
6234
9684
4080
5536
7456
8884
4835
6084
4641
9219
6799
2489
8621
3973
4289
3733
1559
4974
6423
1734
7445
4039
8787
5603
2540
9876
2105
1311
7712
6863
6040
9236
1092
8264
7460
1986
1397
936
5564
8427
2424
6821
708
1324
3071
5046
8077
4687
465
3236
2509
351
1750
4634
3014
6497
9862
3308
6241
5223
7353
8143
8466
9300
3829
1028
5715
284
7931
3925
1116
2299
4586
1612
4178
8598
6728
582
303
9663
2144
5590
1758
5895
9271
6982
3827
3220
5775
7925
2608
7324
3707
1252
6687
996
4171
5222
146
4896
3075
5001
1765
8404
2449
2482
254
7551
4081
7777
1468
3294
7771
7114
2372
9851
1292
6142
7023
9815
1447
7320
8987
1228
2060
9843
3964
4014
7966
4963
4780
5481
2237
5966
3426
9000
7927
961
4729
2000
7397
8530
4699
2801
136
2968
8619
5684
9593
6539
8863
6469
2625
6269
4729
894
4278
287
2948
7531
743
4764
488
219
9773
3513
7522
398
6854
4939
9462
5093
4072
2363
7890
369
6199
6311
5986
8332
8663
527
6644
8599
8533
4777
7161
7124
7576
3747
3913
8958
5781
4351
8484
6618
2308
8234
8527
4613
8768
8041
4763
7557
2745
4197
4020
6291
7803
9693
9659
2101
2324
1039
9418
337
1020
7103
6682
909
3150
4858
511
4802
9155
5076
5155
9548
920
1656
2106
5634
5395
2015
2400
5713
3819
3093
960
3275
5782
792
6592
3563
9072
4121
5106
5180
811
4258
1947
4
295
3443
7367
8710
7973
6597
5157
3126
5934
8336
3841
5220
8985
226
3918
9728
97
5665
19
2327
6815
1794
2168
6395
8813
6592
7322
5646
817
2607
8591
1828
5417
2160
6307
5020
1419
738
6523
3236
1511
2215
7397
6885
4725
717
559
8825
6005
3908
9392
5792
6654
9437
3190
9173
7094
776
9071
6485
8200
9948
8725
2264
5349
1310
1376
6204
262
1193
844
4003
4365
5389
9460
3845
6807
5
5155
91
8517
9679
6559
3353
4189
3439
5455
767
7825
2678
6832
9128
3655
1360
2439
5839
9344
6768
8401
2345
195
7075
9602
5612
8780
123
9027
8777
9763
5709
4435
3742
9164
72
8202
2834
1254
7486
3388
8899
4098
883
6002
9772
4618
8374
4471
6232
9694
2227
5837
7464
9402
2929
5396
5027
6211
7170
9156
1236
7258
254
5419
9964
3871
2688
8651
7322
4341
9478
6905
7113
3823
1701
6616
5175
7207
7235
6401
3857
1238
8794
6680
8257
8501
6941
6503
3706
5024
7690
3482
2002
5128
187
2823
677
7392
9491
5345
4797
3008
2305
2574
4432
3151
5376
2816
8900
7710
8866
5033
2825
1319
6572
640
8478
8399
9914
2031
2082
4365
4194
353
7790
1461
1892
4484
711
8343
6117
7602
551
7880
4372
4469
5922
4244
863
8510
6937
3276
5730
2058
1105
6086
593
7848
5427
2440
2143
250
5970
6807
5234
1128
8091
3307
3540
795
1482
3437
8966
7222
4508
8302
8109
4677
8368
6497
3802
1473
5014
1995
2748
3493
2567
30
5932
4014
119
8575
2805
5260
2439
1807
3761
5057
466
5724
554
8920
1545
5746
201
4026
8736
8388
9252
101
202
6089
9108
5256
3363
7659
2379
3994
3138
3813
3273
1618
7402
9747
9371
2540
1305
2499
9914
5785
5352
5929
227
9323
9234
5264
4608
130
8222
5751
9757
7315
9114
4316
3932
6654
5459
3413
7264
9352
9282
5287
1101
5116
4582
1249
6058
5157
1956
7785
3510
4202
6125
2907
4856
7143
7665
4943
6829
6041
3300
9921
2963
9218
6004
8568
3896
5289
18
6706
9873
2482
126
5832
6532
6329
9329
2097
1630
8691
4884
2027
8445
1705
7412
773
3041
4579
5798
5012
9240
2254
5186
5451
8747
5432
4752
8335
2717
5121
7847
4781
849
1433
5388
9473
1224
9946
780
7740
7131
2964
6910
2533
5450
8583
4906
196
4768
1977
7563
7701
463
4612
6377
6764
6012
8939
5633
4151
6944
1005
8008
7882
8831
6792
3868
2243
4591
4524
1786
6064
739
322
9812
1604
4660
8443
3756
9134
6044
8589
877
4743
3159
2928
5513
3627
6408
3283
3064
2108
4567
5421
6956
119
13
752
3312
4410
8245
4676
629
5923
8070
6470
9714
7928
5075
8893
7904
5055
5554
954
3856
4956
2653
7975
1847
7680
5435
2512
2998
7172
104
936
6218
7845
1835
8462
8906
4133
1886
367
888
3613
8179
4196
1293
9658
4748
2439
7299
6273
3598
3481
7407
2296
2732
7781
8741
4051
3805
6070
6720
8711
9753
906
1845
8518
5901
1794
1831
261
9469
5587
7548
9375
6899
3654
1004
2252
6175
7225
3128
9907
7155
3847
8053
4156
595
3280
1669
5851
7350
9012
9530
8358
9776
6020
9835
8139
7898
9507
6963
8413
3868
344
4243
459
394
8199
1833
2393
4200
5934
4159
795
969
8955
2789
8560
2640
6879
2433
9466
5370
1328
2347
6437
9531
9160
4717
94
7545
2427
4698
7537
2001
3455
9983
4836
5718
7877
4595
9959
5150
1521
9116
849
8013
5639
7081
7370
4749
4308
9836
3666
7188
1414
7891
256
9307
8375
8950
4619
1086
211
450
7610
7303
8528
6406
4218
6173
2692
7105
7149
1421
8602
4500
9591
3678
67
9034
9912
6603
8468
4314
2036
7891
6103
3231
711
57
8702
3010
1683
6302
6308
4894
4705
4438
7724
2767
3522
8491
7485
9420
7768
2703
4014
843
2213
3051
4507
6279
8101
6393
2126
2776
8648
3268
5691
352
1503
7108
5806
9778
7393
1156
6182
2197
785
3691
2055
2962
6412
476
8726
4113
2005
7804
116
2542
1532
1125
1738
7776
309
9546
8810
6502
5789
7350
9948
6415
5563
2126
6565
9195
8999
1974
7747
2903
7038
5126
9042
839
7567
5625
9487
5502
5878
6958
5440
8837
5169
3659
1980
7845
6682
2125
4325
5427
8795
9289
8077
2764
4717
9962
7383
9234
4181
7121
1503
1732
5854
3862
6042
9509
6584
8958
5982
1976
2313
9685
9741
7881
8993
5622
2778
434
9503
9248
2930
1956
4701
5145
9095
2549
4679
3360
2435
7724
5479
7530
5618
9901
2665
400
8838
8352
2642
2645
3853
5870
2534
807
4331
4008
2797
1339
1574
2509
7709
8752
8070
5787
3761
6697
8414
8087
4742
8711
5861
8308
9116
100
3357
8696
9316
4400
6140
2408
7005
9431
4461
3825
6468
6897
3576
2271
5002
3267
8596
772
1182
2587
4725
1021
1326
2413
1920
1217
1230
4472
5306
9170
3292
2405
5714
2013
509
125
8367
9645
804
4890
2425
3550
8224
66
3113
6958
5318
3697
5195
9358
9082
6392
7007
6472
454
1800
4444
41
3553
8435
2063
8413
8819
3912
3122
5372
4114
7533
4830
4996
3423
9833
8355
940
9249
9842
3543
5643
8662
4500
5128
3793
8855
5439
2163
9401
9920
905
6702
6081
9766
2966
8905
7672
8674
4868
741
605
2548
8858
6268
7606
4497
9064
2683
9266
2527
8190
5345
113
4928
590
1137
5008
5000
1631
733
8091
4140
3568
5784
1669
4049
5995
8892
9462
9404
7360
855
2248
9292
5176
9147
5696
1993
440
5657
1681
6517
524
6371
4582
5553
6983
6467
114
4863
1004
226
636
9340
7628
9143
2886
4193
3038
9916
5305
1140
8805
1618
4496
2442
7677
7887
1033
3760
8433
4676
1481
7400
5478
5902
179
9848
3098
6608
438
9243
1128
7955
8076
7623
9030
5838
9466
6427
1995
5555
6296
3639
965
922
9556
209
5256
3023
588
4270
2318
9337
8598
2430
3872
1313
8653
1280
3665
4406
8104
3214
5794
8528
9486
7687
4368
9710
438
3244
9894
5010
2127
6999
3245
9304
8367
6916
5131
4757
9306
7849
171
4720
6467
9147
1939
683
1941
9770
3921
4588
2079
6627
9621
8867
8142
4022
9884
2859
6508
9319
9160
1810
6438
7129
8710
3354
4438
4185
3188
4058
675
8463
7082
4603
298
2852
1171
7427
4754
2681
6074
6432
7738
2596
8565
7145
7036
1932
8874
2641
922
6629
7339
1123
3885
5576
6155
8005
4628
3988
1836
6639
7406
4554
5507
2239
7570
275
4725
1435
5098
487
7821
9903
9758
6874
161
1722
6167
7030
8643
2631
9608
6690
6164
5392
1318
2230
2709
4803
1224
6193
816
6982
3677
4405
8811
4089
1993
4165
7032
7860
2825
1676
271
7320
2537
2219
2445
4651
6897
6261
953
7600
8865
5305
2225
7157
2141
952
1729
3301
2928
7267
1853
9939
2809
4350
8311
6920
6570
7872
7464
2982
9099
